    0.000000
    0.000000
    0.000000
    0.000000
    0.000000
    0.000000
    0.000000
    0.000000
    0.000000
    0.000132
    0.000000
   -0.001905
   -0.002111
    0.000901
    0.011491
    0.034396
    0.070016
    0.120620
    0.185346
    0.264796
    0.356856
    0.460669
    0.573081
    0.691981
    0.813382
    0.934133
    1.049619
    1.155855
    1.247812
    1.321199
    1.369813
    1.385063
    1.369813
    1.321199
    1.247812
    1.155855
    1.049619
    0.934133
    0.813382
    0.691981
    0.573081
    0.460669
    0.356856
    0.264796
    0.185346
    0.120620
    0.070016
    0.034396
    0.011491
    0.000901
   -0.002111
   -0.001905
    0.000000
    0.000132
    0.000000
    0.000000
    0.000000
    0.000000
    0.000000
    0.000000
    0.000000
    0.000000
    0.000000
    0.000000
    0.000000
